-50.0 0.5247497074078575 1.9299320569842267
-49.900000000000006 0.7147998557442093 1.8679028792279477
-49.800000000000004 0.8977079602033964 1.7872102333490196
-49.7 1.0716464634670297 1.6886603735916255
-49.6 1.2348774295069236 1.5732379775782088
-49.5 1.3857699084673913 1.4420963077361644
-49.400000000000006 1.5228162325770724 1.2965456882808917
-49.300000000000004 1.6446470802669744 1.1380404128893298
-49.2 1.7500451579788934 0.9681642138783225
-49.1 1.837957362960304 0.7886144380747827
-49.0 1.9075053055189437 0.6011850874872742
-48.900000000000006 1.9579940856022566 0.4077488942309753
-48.800000000000004 1.9889192360090293 0.2102386088073714
-48.7 1.999971762858889 0.010627688700208577
-48.6 1.9910412329570308 -0.1890894197593999
-48.5 1.962216877206194 -0.3869172092414244
-48.400000000000006 1.9137866990409795 -0.5808790498665198
-48.300000000000004 1.8462345967927192 -0.7690369390384479
-48.2 1.760235528737324 -0.9495108653253177
-48.1 1.656648769135291 -1.1204975929124192
-48.0 1.5365093226473336 -1.2802886789383994
-47.900000000000006 1.4010175829099487 -1.4272875436915875
-47.800000000000004 1.2515273385989583 -1.5600254231067545
-47.7 1.089532246820622 -1.6771760441700825
-47.6 0.9166509089835317 -1.7775688766007536
-47.5 0.7346106982683827 -1.8602008284025784
-47.400000000000006 0.5452305002861612 -1.9242462684276413
-47.300000000000004 0.35040253937430826 -1.9690652758098286
-47.2 0.15207347211670713 -1.9942100338425661
-47.1 -0.047775063005477715 -1.999429304415343
-47.0 -0.247146245490448 -1.9846709383018575
-46.900000000000006 -0.4440480243861509 -1.9500823962178513
-46.800000000000004 -0.636513022204963 -1.896009275442371
-46.7 -0.8226181923091342 -1.8229918567240098
-46.6 -1.000504033357174 -1.7317597059742518
-46.5 -1.1683931688265712 -1.6232243846860492
-46.400000000000006 -1.324608105972475 -1.498470341912716
-46.300000000000004 -1.4675879967807384 -1.3587440788114218
-46.2 -1.5959042334452618 -1.2054416940157213
-46.1 -1.7082747225450015 -1.0400949342794619
-46.0 -1.8035766952976184 -0.8643558897695566
-45.900000000000006 -1.880857925894007 -0.6799804869271571
-45.800000000000004 -1.939346245823838 -0.4888109438310332
-45.7 -1.9784572591280343 -0.29275736336356506
-45.6 -1.9978001814900421 -0.09377864809408623
-45.5 -1.997181744823541 0.10613707242804914
-45.400000000000006 -1.9766081283432761 0.3049923064067209
-45.300000000000004 -1.9362848968243822 0.5008001580768434
-45.2 -1.8766149466671087 0.6916041801099848
-45.1 -1.798194480289164 0.8754979217894141
-45.0 -1.7018070490682369 1.0506439776354595
-44.900000000000006 -1.5884157243556465 1.2152923461536844
-44.800000000000004 -1.4591534747857167 1.367797915271393
-44.7 -1.3153118460277389 1.5066368997535875
-44.6 -1.1583280560885418 1.6304220663613886
-44.5 -0.9897706351052562 1.7379165946279866
-44.400000000000006 -0.8113237531106847 1.828046434759903
-44.300000000000004 -0.624770392362995 1.8999110391875167
-44.2 -0.4319745323764482 1.9527923605386592
-44.1 -0.23486252565419147 1.9861620261306312
-44.0 -0.035403850210827155 1.9996866172953824
-43.900000000000006 0.16440856880087265 1.9932310007886314
-43.800000000000004 0.3625782717393756 1.9668596789965693
-43.7 0.5571252124391005 1.9208361454493423
-43.6 0.7461055421772442 1.855620252080797
-43.5 0.9276310319676547 1.7718636145399633
-43.400000000000006 1.0998879391206835 1.670403101462894
-43.300000000000004 1.2611551295606451 1.5522524727578542
-43.2 1.4098212748284962 1.4185922504514656
-43.1 1.5444009519432145 1.2707579233028188
-43.0 1.6635494852571966 1.1102266030412513
-42.900000000000006 1.766076382010831 0.9386022655542302
-42.800000000000004 1.850957227342656 0.7575997244904379
-42.7 1.9173439199039852 0.5690274974087106
-42.6 1.964573145807269 0.374769735668358
-42.5 1.992173006239188 0.1767673986116111
-42.400000000000006 1.9998677325176075 -0.023001139860515513
-42.300000000000004 1.9875804414810931 -0.22253985854633598
-42.2 1.9554339036800419 -0.4198550325274583
-42.1 1.9037493166939292 -0.612975153809188
-42.0 1.8330430958312676 -0.7999706299767025
-41.900000000000006 1.7440217142785543 -0.9789730640446102
-41.800000000000004 1.6375746442536954 -1.1481939228620672
-41.7 1.5147654696936614 -1.305942407544736
-41.6 1.3768212592753408 -1.450642347378383
-41.5 1.2251203059509397 -1.5808479483956313
-41.400000000000006 1.0611783555004193 -1.6952582392713582
-41.300000000000004 0.8866334617006544 -1.792730070198164
-41.2 0.7032296194336326 -1.8722895348613227
-41.1 0.512799339266036 -1.9331417013887826
-41.0 0.317245337609418 -1.9746785550476529
-40.900000000000006 0.11852152540678684 -1.9964850733264319
-40.800000000000004 -0.08138651469971551 -1.9983433727027577
-40.7 -0.2804813676541432 -1.980234885663532
-40.6 -0.4767737434977841 -1.9423405462253804
-40.5 -0.6683023536968411 -1.8850389821017661
-40.400000000000006 -0.8531535076891335 -1.8089027315800392
-40.300000000000004 -1.029480233847664 -1.714692522908104
-40.2 -1.1955207338105096 -1.6033496733492605
-40.1 -1.3496159857877337 -1.475986683851248
-40.0 -1.4902263209586977 -1.3338761233045238
-39.900000000000006 -1.615946807333962 -1.1784379134545762
-39.800000000000004 -1.7255212873713504 -1.0112251415131635
-39.7 -1.8178549290868276 -0.8339085422243407
-39.6 -1.8920251652538163 -0.6482598044351272
-39.5 -1.9472909113899561 -0.4561338689661991
-39.400000000000006 -1.9830999704282801 -0.25945039465638536
-39.300000000000004 -1.9990945500877835 -0.06017457776604917
-39.2 -1.9951148378156103 0.1397024836142546
-39.1 -1.971200597581266 0.3381836839577861
-39.0 -1.9275907725681756 0.5332858647198745
-38.900000000000006 -1.8647210977323831 0.7230596294025383
-38.800000000000004 -1.7832197460828878 0.9056088212799616
-38.7 -1.6839010521846098 1.0791094691696315
-38.6 -1.567757375596586 1.2418280119495233
-38.5 -1.4359491855432882 1.3921386197277794
-38.400000000000006 -1.2897934658897454 1.5285394385975515
-38.300000000000004 -1.1307505562740574 1.649667596664828
-38.2 -0.960409560876518 1.7543128214138362
-38.1 -0.7804724706158923 1.841429532349996
-38.0 -0.5927371574187706 1.9101472880945898
-37.9 -0.3990794104775748 1.959779483547287
-37.800000000000004 -0.20143419398501522 1.989830210217346
-37.7 -0.0017763136114351842 1.9999992111773328
-37.6 0.1978993151005791 1.9901848811310776
-37.5 0.39559759927292454 1.9604852816202163
-37.4 0.5893432030005152 1.9111971612256788
-37.300000000000004 0.7772002842546736 1.8428129905539667
-37.2 0.95729183717683 1.7560160416336206
-37.1 1.127818446500525 1.6516735608870001
-37.0 1.287076266713999 1.5308281038906868
-36.9 1.433474046321315 1.3946871185047909
-36.800000000000004 1.5655490271013 1.2446108804530729
-36.7 1.6819815595042031 1.0820989018975156
-36.6 1.7816082881537227 0.9087749488085383
-36.5 1.863433775709411 0.7263708168321247
-36.4 1.9266404489475217 0.5367090277601935
-36.300000000000004 1.9705967676824052 0.3416846194953133
-36.2 1.9948635349072958 0.14324621145834088
-36.1 1.9991982851056058 -0.0566234653726213
-36.0 1.9835577068862316 -0.25592737925480935
-35.9 1.9480980757366528 -0.45267415136182726
-35.800000000000004 1.8931736925699254 -0.6448979529826043
-35.7 1.8193333436670565 -0.8306781474321138
-35.6 1.727314817385912 -1.0081584804181698
-35.5 1.618037532423813 -1.175565627120774
-35.4 1.4925933512898326 -1.331226910667519
-35.300000000000004 1.352235670775539 -1.4735870149679753
-35.2 1.1983668984285305 -1.6012235249179871
-35.1 1.032524440159854 -1.712861138701144
-35.0 0.856365338992302 -1.8073844101830134
-34.9 0.6716497184342838 -1.883848894080188
-34.800000000000004 0.4802231959075628 -1.9414905825453614
-34.7 0.2839984419480034 -1.9797335388812067
-34.6 0.08493606943390304 -1.9981956521094522
-34.5 -0.11497495620984913 -1.9966924548974845
-34.4 -0.31373719009682 -1.9752389666949546
-34.300000000000004 -0.5093646656880564 -1.9340495436644054
-34.2 -0.6999027379133244 -1.8735357369053391
-34.1 -0.8834476133384476 -1.79430218037169
-34.0 -1.0581653722400477 -1.6971405495692105
-33.9 -1.222310292525192 -1.5830216513955138
-33.800000000000004 -1.3742422924094784 -1.453085724158469
-33.7 -1.512443317572126 -1.3086310446919032
-33.6 -1.6355325090528836 -1.1511009564026864
-33.5 -1.7422800003383527 -0.9820694478604809
-33.4 -1.831619205781638 -0.8032254260242522
-33.300000000000004 -1.902657477573561 -0.6163558412422278
-33.2 -1.9546850247845173 -0.423327832634651
-33.1 -1.9871820053607898 -0.2260700722569656
-33.0 -1.9998237202145344 -0.026553494446118958
-32.9 -1.9924838575097272 0.17322839710381505
-32.800000000000004 -1.9652357547282817 0.3712794477715687
-32.7 -1.9183516659061608 0.5656207969258711
-32.6 -1.852300041361057 0.7543106500466673
-32.5 -1.7677408470916613 0.9354636804941472
-32.4 -1.6655189706155595 1.1072698670693097
-32.300000000000004 -1.5466557791324502 1.26801257914746
-32.2 -1.4123389143606688 1.4160857286840114
-32.1 -1.26391042601377 1.550009817715259
-32.0 -1.1028533624833812 1.6684467210130205
-31.900000000000002 -0.9307769527099172 1.7702130561895764
-31.8 -0.749400527298924 1.8542920076633278
-31.700000000000003 -0.5605363395380459 1.9198434863439489
-31.6 -0.366071457961176 1.966212523524906
-31.5 -0.16794891138349366 1.9929358151142498
-31.400000000000002 0.031851725200196496 1.9997463508159656
-31.3 0.23133410987447386 1.9865760820085863
-31.200000000000003 0.42850508059176845 1.9535566016645236
-31.1 0.6213945701887444 1.9010178295165845
-31.0 0.80807529064613 1.8294847156090626
-30.900000000000002 0.9866819899135504 1.7396719951704218
-30.8 1.1554300888914635 1.6324770472151406
-30.700000000000003 1.3126335123555755 1.508970928229257
-30.6 1.4567215356631869 1.3703876705279738
-30.5 1.5862544789145703 1.2181119522127124
-30.400000000000002 1.6999380917586524 1.0536652619252243
-30.3 1.7966364851147094 0.8786906966360021
-30.200000000000003 1.8753834806005598 0.6949365443625265
-30.1 1.9353922642676105 0.5042388158532543
-30.0 1.9760632481857237 0.3085028997751681
-29.900000000000002 1.996990061327629 0.10968452470003591
-29.8 1.9979636098938989 -0.0902297818890227
-29.700000000000003 1.9789741665090712 -0.28924254232343954
-29.6 1.9402114674143707 -0.48536528688584035
-29.5 1.882062816685907 -0.6766384219421104
-29.400000000000002 1.805109216420374 -0.8611508095532535
-29.3 1.7101195615541405 -1.0370588629339583
-29.200000000000003 1.5980429573192318 -1.2026049669623038
-29.1 1.4699992360975553 -1.3561350396891172
-29.0 1.327267768425935 -1.4961150593780008
-28.900000000000002 1.171274679948601 -1.6211463919434612
-28.8 1.0035786020411481 -1.7299797656403773
-28.700000000000003 0.8258550984810867 -1.8215277533742917
-28.6 0.6398799237683962 -1.8948756379135152
-28.5 0.44751128037359283 -1.9492905514413155
-28.400000000000002 0.2506712521928653 -1.9842287981289004
-28.3 0.05132659972111898 -1.9993412865644196
-28.200000000000003 -0.14853089116871554 -1.9944770177589481
-28.1 -0.3469043104917842 -1.9696845938784768
-28.0 -0.5418115766157381 -1.9252117326271332
-27.900000000000002 -0.731305240565236 -1.8615027921337701
-27.8 -0.9134919442883856 -1.7791943310724168
-27.700000000000003 -1.0865513384644898 -1.6791087483784444
-27.6 -1.2487542708327828 -1.5622460661102286
-27.5 -1.3984800633101955 -1.4297739375593301
-27.400000000000002 -1.5342327052710556 -1.2830159804447714
-27.3 -1.6546558011907573 -1.1234385517622996
-27.200000000000003 -1.7585461233014452 -0.9526360964300367
-27.1 -1.8448656338461715 -0.7723152161218653
-27.0 -1.912751856809006 -0.5842776174676724
-26.900000000000002 -1.9615264954903042 -0.3904021099962515
-26.8 -1.9907022098231182 -0.19262583369152117
-26.700000000000003 -1.9999874857140414 0.007075096269812784
-26.6 -1.9892895477556762 0.20670533420794174
-26.5 -1.958715286207834 0.40427024077436396
-26.400000000000002 -1.908570188985396 0.5977958127289364
-26.3 -1.8393552893240397 0.7853484065277516
-26.200000000000003 -1.751762159621782 0.9650540586502033
-26.1 -1.6466660014761632 1.1351172096230877
-26.0 -1.5251169009592054 1.2938386446572807
-25.900000000000002 -1.388329336504489 1.4396324716402464
-25.8 -1.2376700442400785 1.5710419668458135
-25.700000000000003 -1.0746443620129495 1.6867541300360822
-25.6 -0.9008811885507786 1.7856128035258194
-25.5 -0.7181167080443366 1.866630224127844
-25.400000000000002 -0.5281770427689457 1.9289968925562972
-25.3 -0.3329600070743185 1.9720896616759265
-25.200000000000003 -0.13441614505095695 1.9954779627822603
-25.1 0.06547075866169064 1.9989281077017909
-25.0 0.26470350019554606 1.9824056237269472
-24.900000000000002 0.46129141185478445 1.9460755980560005
-24.8 0.6532702522094445 1.8903010282963422
-24.700000000000003 0.8387218321464562 1.8156391955123936
-24.6 1.0157931807812441 1.7228360960574056
-24.5 1.1827150597302487 1.6128189878245092
-24.400000000000002 1.3378196407560432 1.4866871253923508
-24.3 1.4795571701557868 1.3457007766366935
-24.200000000000003 1.6065114533879052 1.191268630550423
-24.1 1.717414005219859 1.0249337220887418
-24.0 1.8111567240132476 0.848358014673994
-23.900000000000002 1.8868029635091086 0.6633057944065056
-23.8 1.9435968914877266 0.4716260419010452
-23.700000000000003 1.9809710417943118 0.27523395788375865
-23.6 1.9985519842732553 0.07609182713954096
-23.5 1.9961640559587925 -0.12381058798884109
-23.400000000000002 1.9738311162412987 -0.3224759286483707
-23.3 1.9317763084721409 -0.5179191964252225
-23.200000000000003 1.8704198303890804 -0.7081875867927112
-23.1 1.7903747356393636 -0.8913800008886663
-23.0 1.6924408083503413 -1.065666040666795
-22.900000000000002 1.5775965719508371 -1.2293042976289341
-22.8 1.44698951208849 -1.380659752403145
-22.700000000000003 1.3019246113324991 -1.518220111316775
-22.6 1.1438513102191277 -1.640610916734978
-22.5 0.974349024921019 -1.7466092801870312
-22.400000000000002 0.7951113662428723 -1.8351561010637196
-22.3 0.6079292176220941 -1.905366648800537
-22.200000000000003 0.4146728412135245 -1.9565394028130134
-22.1 0.21727319084815952 -1.9881630618585235
-22.0 0.017702618580807752 -1.9999216527892743
-21.900000000000002 -0.18204483239968866 -1.9916976876515595
-21.8 -0.3799733515908755 -1.9635733375865534
-21.700000000000003 -0.5741053026554501 -1.9158296118034333
-21.6 -0.7625009833098803 -1.8489435498282434
-21.5 -0.9432780061883923 -1.7635834550826484
-21.400000000000002 -1.1146301070353168 -1.6606022174170543
-21.3 -1.2748451923004778 -1.5410287913171377
-21.200000000000003 -1.4223224458119599 -1.406057914930777
-21.1 -1.5555883236021857 -1.257038172639376
-21.0 -1.6733112770721121 -1.0954585204485368
-20.900000000000002 -1.7743150573846989 -0.9229334088318251
-20.8 -1.8575904681544808 -0.7411866516752829
-20.700000000000003 -1.922305449004231 -0.552034202498941
-20.6 -1.9678133892372323 -0.3573660100494691
-20.5 -1.9936595885575985 -0.15912713455708014
-20.400000000000002 -1.9995858002853386 0.04070168666335886
-20.3 -1.9855328116718143 0.24012383008485347
-20.200000000000003 -1.9516410355339526 0.43714673557051836
-20.1 -1.8982491072957892 0.6298018153758684
-20.0 -1.8258905014552553 0.8161641236267839
-19.900000000000002 -1.7352882012833382 0.9943715897424044
-19.8 -1.6273474750142107 1.1626436236288713
-19.700000000000003 -1.5031468307043012 1.3192989067469185
-19.6 -1.3639272401362712 1.4627721912909935
-19.5 -1.211079739439202 1.5916299396278881
-19.400000000000002 -1.0461315303153988 1.704584647730925
-19.3 -0.8707307207457864 1.800507709494609
-19.200000000000003 -0.6866298576397974 1.8784406933937392
-19.1 -0.49566841596591965 1.9376049188144202
-19.0 -0.2997544193259047 1.9774092363733384
-18.900000000000002 -0.10084537561362954 1.9974559344870029
-18.8 0.09907128175673484 1.9975447131744204
-18.7 0.2979980516283976 1.9776746853882918
-18.6 0.4939473234732418 1.9380443858780998
-18.5 0.6849612369392251 1.879049787496512
-18.400000000000002 0.8691312441437871 1.80128034476954
-18.3 1.044617179253463 1.7055131042617464
-18.2 1.2096656448125682 1.5927049405838463
-18.1 1.3626275311109999 1.4639829956178934
-18.0 1.5019744935433523 1.3206334164881603
-17.900000000000002 1.6263142233229728 1.1640885048042506
-17.8 1.7344043589711626 0.9959124055768309
-17.7 1.825164899582369 0.8177854787977596
-17.6 1.897688995836248 0.6314875098384867
-17.5 1.9512520109363152 0.4388799264229186
-17.400000000000002 1.9853187609412655 0.24188719985695534
-17.3 1.9995488621460222 0.042477616347292024
-17.2 1.9938001320831922 -0.1573563894636803
-17.1 1.9681300101632868 -0.3556181422462313
-17.0 1.9227949837591136 -0.5503266761031939
-16.900000000000002 1.8582480254687395 -0.7395365277263396
-16.8 1.7751340671630091 -0.9213571748227251
-16.7 1.6742835560394935 -1.0939719255884712
-16.6 1.5567041570685969 -1.255656070492772
-16.5 1.423570684738246 -1.404794115005427
-16.400000000000002 1.2762133646959004 -1.539895921084139
-16.3 1.1161045425735587 -1.659611596141298
-16.2 0.9448439727969323 -1.7627449807244693
-16.1 0.7641428343680182 -1.8482656001462592
-16.0 0.5758066333301306 -1.9153189606467693
-15.9 0.38171716274837875 -1.9632350872127688
-15.8 0.18381370045536327 -1.991535217746577
-15.700000000000001 -0.015926367571871134 -1.9999365866986798
-15.600000000000001 -0.2155073045988846 -1.9883552503676307
-15.5 -0.4129349638755932 -1.9569069256377685
-15.4 -0.6062367134914045 -1.9059058337743606
-15.3 -0.7934811462612241 -1.8358615608285864
-15.200000000000001 -0.9727973777075962 -1.747473966022162
-15.100000000000001 -1.1423937393199743 -1.6416261889853385
-15.0 -1.3005756803142337 -1.5193758257176426
-14.9 -1.445762699023952 -1.3819443614382516
-14.8 -1.5765041347506326 -1.2307049659094416
-14.700000000000001 -1.6914936622858667 -1.0671687731782384
-14.600000000000001 -1.7895823442810068 -0.8929697828245344
-14.5 -1.869790111049366 -0.70984853357741
-14.4 -1.9313155530985548 -0.5196347124275117
-14.3 -1.9735439285492267 -0.32422887299943653
-14.200000000000001 -1.9960533054327232 -0.12558344584816708
-14.100000000000001 -1.9986187774958355 0.07431676958164926
-14.0 -1.9812147113897407 0.2734744364156672
-13.9 -1.9440150027899519 0.46989963707964616
-13.8 -1.8873913388882095 0.6616297558980939
-13.700000000000001 -1.8119094846169252 0.8467490889013277
-13.600000000000001 -1.7183236297129936 1.023407984906295
-13.5 -1.607568853103242 1.189841326619784
-13.4 -1.4807517799048973 1.3443861671069361
-13.3 -1.3391395243932047 1.485498345407339
-13.200000000000001 -1.184147029414449 1.6117679152808995
-13.100000000000001 -1.0173229287447505 1.7219332329246113
-13.0 -0.8403340736532818 1.8148935629003924
-12.9 -0.6549488782753861 1.8897200763197213
-12.8 -0.4630196502030779 1.9456651313948707
-12.700000000000001 -0.26646408283988793 1.982169743628506
-12.600000000000001 -0.06724609444227694 1.9988691710020094
-12.5 0.13264379470240137 1.9955965583571613
-12.4 0.3312083508966188 1.9723846045577274
-12.3 0.5264635827316019 1.9294652357732196
-12.200000000000001 0.7164585644736541 1.8672672881492758
-12.100000000000001 0.8992949290691997 1.7864122230186466
-12.0 1.0731458360008699 1.6877079174649843
-11.9 1.2362742244740665 1.5721405922820786
-11.8 1.3870501695542448 1.4408649579816775
-11.700000000000001 1.5239671678380642 1.2951926773077547
-11.600000000000001 1.6456571899374157 1.13657925953595
-11.5 1.750904349376857 0.9666095175060118
-11.4 1.8386570513293514 0.7869817326957818
-11.3 1.908038499804178 0.5994906865540298
-11.200000000000001 1.958355458302634 0.40600972763750426
-11.100000000000001 1.9891051764079781 0.2084720537313973
-11.0 1.999980413101407 0.00885139597610157
-10.9 1.9908725066127548 -0.1908577020019013
-10.8 1.961872460132983 -0.3886598129106696
-10.700000000000001 1.9132700325403769 -0.5825785634426877
-10.600000000000001 1.8455508432256147 -0.770676381543656
-10.5 1.75939151994334 -0.951073855991985
-10.4 1.6556529381713074 -1.1219685148544576
-10.3 1.535371619527165 -1.2816528351899865
-10.200000000000001 1.3997493751870873 -1.428531304054398
-10.100000000000001 1.2501412977857669 -1.5611363603383652
-10.0 1.0880422217787395 -1.6781430581529049
-9.9 0.9150717875506427 -1.7783823052507217
-9.8 0.7329582585038568 -1.8608525442095065
-9.700000000000001 0.5435212528218883 -1.9247297596626194
-9.600000000000001 0.3486535624459628 -1.9693757115882533
-9.5 0.1503022409236186 -1.994344312392757
-9.4 -0.04955085090671553 -1.999386084070413
-9.3 -0.2489088470141234 -1.984450650905207
-9.200000000000001 -0.44577982820049183 -1.949687242808328
-9.1 -0.6381967246987043 -1.8954432042622238
-9.0 -0.8242369704835132 -1.8222605237693539
-8.9 -1.0020417129157693 -1.7308704184822246
-8.8 -1.1698343857835234 -1.622186028123312
-8.700000000000001 -1.325938460164364 -1.4972932911947998
-8.6 -1.4687941957482267 -1.357440094640025
-8.5 -1.5969742252469805 -1.2040238053696473
-8.4 -1.709197816176561 -1.0385773082333711
-8.3 -1.8043436675125866 -0.8627536899412417
-8.200000000000001 -1.8814611133595451 -0.6783097219676725
-8.1 -1.9397796216901726 -0.4870883074715822
-8.0 -1.9787164932467636 -0.2910000676172271
-7.9 -1.997882683679544 -0.0920042512790739
-7.800000000000001 -1.99708669074921 0.10791084112529772
-7.7 -1.9763364677540007 0.3067477240757287
-7.6000000000000005 -1.935839344062973 0.5025196851645097
-7.5 -1.8759999535494778 0.6932706356700516
-7.4 -1.7974161916232538 0.8770946551487807
-7.300000000000001 -1.7008732412571297 1.052155034762209
-7.2 -1.5873357276983062 1.216702629064509
-7.1000000000000005 -1.457938080251753 1.3690933328856119
-7.0 -1.3139731974375781 1.5078045086866092
-6.9 -1.1568795287764002 1.6314502002507136
-6.800000000000001 -0.9882267022772179 1.7387949806996497
-6.7 -0.8096998412331966 1.8287662964706388
-6.6000000000000005 -0.6230827270267574 1.9004651839170585
-6.5 -0.43023997617563103 1.953175251456047
-6.4 -0.23309840970098727 1.9863698375163852
-6.300000000000001 -0.0336278009687012 1.9997172727668302
-6.2 0.1661788056349928 1.993084194046435
-6.1000000000000005 0.36432500854419003 1.9665368768851694
-6.0 0.5588309963978517 1.920340573300732
-5.9 0.747753329660472 1.8549568614880718
-5.800000000000001 0.9292043588275132 1.7710390338826387
-5.7 1.1013710851952752 1.6694255696783196
-5.6000000000000005 1.2625332757446417 1.5511317570205003
-5.5 1.4110806511407838 1.41733954858252
-5.4 1.5455289751119743 1.2693857518852694
-5.300000000000001 1.6645348844478016 1.108748672358323
-5.2 1.7669093114403063 0.9370333426007542
-5.1000000000000005 1.8516293646554642 0.7559554854259621
-5.0 1.917848549326277 0.5673243709264525
-4.9 1.964905225248665 0.3730247388451515
-4.800000000000001 1.9923292176716811 0.17499796687889455
-4.7 1.9998465151282017 -0.02477732692578112
-4.6000000000000005 1.987382007266929 -0.22430505387010796
-4.5 1.955060235330194 -0.4215915988615594
-4.4 1.9032041477790322 -0.6146657399568387
-4.3 1.8323318734989098 -0.8015983441599509
-4.2 1.7431515448271764 -0.9805216426813989
-4.1000000000000005 1.6365542221288216 -1.149647893066537
-4.0 1.5136049906158564 -1.3072872417272239
-3.9000000000000004 1.3755323183679482 -1.4518646084002798
-3.8000000000000003 1.2237157818854385 -1.581935423828833
-3.7 1.0596722818169868 -1.696200063420816
-3.6 0.8850408865897049 -1.793516832668294
-3.5 0.7015664553792397 -1.8729133745815927
-3.4000000000000004 0.5110822040536633 -1.9335963851589217
-3.3000000000000003 0.3154913882864973 -1.9749595398177298
-3.2 0.11674828685516017 -1.9965895515895062
-3.1 -0.08316132486658098 -1.998270300546559
-3.0 -0.2822400161197344 -1.9799849932008908
-2.9000000000000004 -0.47849865842796396 -1.9419163302991813
-2.8000000000000003 -0.6699763003118093 -1.8844446813373166
-2.7 -0.8547597604676596 -1.8081442840341224
-2.6 -1.0310027436429283 -1.7137775067378946
-2.5 -1.1969442882079129 -1.6022872310938674
-2.4000000000000004 -1.3509263611023012 -1.4747874310824916
-2.3000000000000003 -1.49141042435344 -1.3325520425596489
-2.2 -1.6169928076391802 -1.1770022345106916
-2.1 -1.7264187332977474 -1.0096922091997151
-2.0 -1.8185948536513634 -0.8322936730942848
-1.9000000000000001 -1.892600175374829 -0.6465791337270071
-1.8 -1.9476952617563903 -0.4544041893861742
-1.7000000000000002 -1.9833296209049371 -0.2576889885910497
-1.6 -1.9991472060830102 -0.05839904460257763
-1.5 -1.994989973208109 0.1414744033354058
-1.4000000000000001 -1.9708994599769205 0.33993428580048163
-1.3 -1.927116370834386 0.5349976572491747
-1.2000000000000002 -1.8640781719344528 0.7247155089533468
-1.1 -1.7824147201228708 0.9071922428511546
-1.0 -1.682941969615793 1.0806046117362795
-0.9 -1.5666538192549668 1.2432199365413288
-0.8 -1.4347121817990456 1.3934134186943308
-0.7000000000000001 -1.2884353744753823 1.5296843745689768
-0.6000000000000001 -1.129284946790071 1.6506712298193564
-0.5 -0.958851077208406 1.7551651237807455
-0.4 -0.778836684617301 1.8421219880057702
-0.30000000000000004 -0.5910404133226792 1.910672978251212
-0.2 -0.39733866159012243 1.9601331556824833
-0.1 -0.1996668332936563 1.9900083305560516
0.0 0.0 2.0
0.1 0.1996668332936563 1.9900083305560516
0.2 0.39733866159012243 1.9601331556824833
0.30000000000000004 0.5910404133226792 1.910672978251212
0.4 0.778836684617301 1.8421219880057702
0.5 0.958851077208406 1.7551651237807455
0.6000000000000001 1.129284946790071 1.6506712298193564
0.7000000000000001 1.2884353744753823 1.5296843745689768
0.8 1.4347121817990456 1.3934134186943308
0.9 1.5666538192549668 1.2432199365413288
1.0 1.682941969615793 1.0806046117362795
1.1 1.7824147201228708 0.9071922428511546
1.2000000000000002 1.8640781719344528 0.7247155089533468
1.3 1.927116370834386 0.5349976572491747
1.4000000000000001 1.9708994599769205 0.33993428580048163
1.5 1.994989973208109 0.1414744033354058
1.6 1.9991472060830102 -0.05839904460257763
1.7000000000000002 1.9833296209049371 -0.2576889885910497
1.8 1.9476952617563903 -0.4544041893861742
1.9000000000000001 1.892600175374829 -0.6465791337270071
2.0 1.8185948536513634 -0.8322936730942848
2.1 1.7264187332977474 -1.0096922091997151
2.2 1.6169928076391802 -1.1770022345106916
2.3000000000000003 1.49141042435344 -1.3325520425596489
2.4000000000000004 1.3509263611023012 -1.4747874310824916
2.5 1.1969442882079129 -1.6022872310938674
2.6 1.0310027436429283 -1.7137775067378946
2.7 0.8547597604676596 -1.8081442840341224
2.8000000000000003 0.6699763003118093 -1.8844446813373166
2.9000000000000004 0.47849865842796396 -1.9419163302991813
3.0 0.2822400161197344 -1.9799849932008908
3.1 0.08316132486658098 -1.998270300546559
3.2 -0.11674828685516017 -1.9965895515895062
3.3000000000000003 -0.3154913882864973 -1.9749595398177298
3.4000000000000004 -0.5110822040536633 -1.9335963851589217
3.5 -0.7015664553792397 -1.8729133745815927
3.6 -0.8850408865897049 -1.793516832668294
3.7 -1.0596722818169868 -1.696200063420816
3.8000000000000003 -1.2237157818854385 -1.581935423828833
3.9000000000000004 -1.3755323183679482 -1.4518646084002798
4.0 -1.5136049906158564 -1.3072872417272239
4.1000000000000005 -1.6365542221288216 -1.149647893066537
4.2 -1.7431515448271764 -0.9805216426813989
4.3 -1.8323318734989098 -0.8015983441599509
4.4 -1.9032041477790322 -0.6146657399568387
4.5 -1.955060235330194 -0.4215915988615594
4.6000000000000005 -1.987382007266929 -0.22430505387010796
4.7 -1.9998465151282017 -0.02477732692578112
4.800000000000001 -1.9923292176716811 0.17499796687889455
4.9 -1.964905225248665 0.3730247388451515
5.0 -1.917848549326277 0.5673243709264525
5.1000000000000005 -1.8516293646554642 0.7559554854259621
5.2 -1.7669093114403063 0.9370333426007542
5.300000000000001 -1.6645348844478016 1.108748672358323
5.4 -1.5455289751119743 1.2693857518852694
5.5 -1.4110806511407838 1.41733954858252
5.6000000000000005 -1.2625332757446417 1.5511317570205003
5.7 -1.1013710851952752 1.6694255696783196
5.800000000000001 -0.9292043588275132 1.7710390338826387
5.9 -0.747753329660472 1.8549568614880718
6.0 -0.5588309963978517 1.920340573300732
6.1000000000000005 -0.36432500854419003 1.9665368768851694
6.2 -0.1661788056349928 1.993084194046435
6.300000000000001 0.0336278009687012 1.9997172727668302
6.4 0.23309840970098727 1.9863698375163852
6.5 0.43023997617563103 1.953175251456047
6.6000000000000005 0.6230827270267574 1.9004651839170585
6.7 0.8096998412331966 1.8287662964706388
6.800000000000001 0.9882267022772179 1.7387949806996497
6.9 1.1568795287764002 1.6314502002507136
7.0 1.3139731974375781 1.5078045086866092
7.1000000000000005 1.457938080251753 1.3690933328856119
7.2 1.5873357276983062 1.216702629064509
7.300000000000001 1.7008732412571297 1.052155034762209
7.4 1.7974161916232538 0.8770946551487807
7.5 1.8759999535494778 0.6932706356700516
7.6000000000000005 1.935839344062973 0.5025196851645097
7.7 1.9763364677540007 0.3067477240757287
7.800000000000001 1.99708669074921 0.10791084112529772
7.9 1.997882683679544 -0.0920042512790739
8.0 1.9787164932467636 -0.2910000676172271
8.1 1.9397796216901726 -0.4870883074715822
8.200000000000001 1.8814611133595451 -0.6783097219676725
8.3 1.8043436675125866 -0.8627536899412417
8.4 1.709197816176561 -1.0385773082333711
8.5 1.5969742252469805 -1.2040238053696473
8.6 1.4687941957482267 -1.357440094640025
8.700000000000001 1.325938460164364 -1.4972932911947998
8.8 1.1698343857835234 -1.622186028123312
8.9 1.0020417129157693 -1.7308704184822246
9.0 0.8242369704835132 -1.8222605237693539
9.1 0.6381967246987043 -1.8954432042622238
9.200000000000001 0.44577982820049183 -1.949687242808328
9.3 0.2489088470141234 -1.984450650905207
9.4 0.04955085090671553 -1.999386084070413
9.5 -0.1503022409236186 -1.994344312392757
9.600000000000001 -0.3486535624459628 -1.9693757115882533
9.700000000000001 -0.5435212528218883 -1.9247297596626194
9.8 -0.7329582585038568 -1.8608525442095065
9.9 -0.9150717875506427 -1.7783823052507217
10.0 -1.0880422217787395 -1.6781430581529049
10.100000000000001 -1.2501412977857669 -1.5611363603383652
10.200000000000001 -1.3997493751870873 -1.428531304054398
10.3 -1.535371619527165 -1.2816528351899865
10.4 -1.6556529381713074 -1.1219685148544576
10.5 -1.75939151994334 -0.951073855991985
10.600000000000001 -1.8455508432256147 -0.770676381543656
10.700000000000001 -1.9132700325403769 -0.5825785634426877
10.8 -1.961872460132983 -0.3886598129106696
10.9 -1.9908725066127548 -0.1908577020019013
11.0 -1.999980413101407 0.00885139597610157
11.100000000000001 -1.9891051764079781 0.2084720537313973
11.200000000000001 -1.958355458302634 0.40600972763750426
11.3 -1.908038499804178 0.5994906865540298
11.4 -1.8386570513293514 0.7869817326957818
11.5 -1.750904349376857 0.9666095175060118
11.600000000000001 -1.6456571899374157 1.13657925953595
11.700000000000001 -1.5239671678380642 1.2951926773077547
11.8 -1.3870501695542448 1.4408649579816775
11.9 -1.2362742244740665 1.5721405922820786
12.0 -1.0731458360008699 1.6877079174649843
12.100000000000001 -0.8992949290691997 1.7864122230186466
12.200000000000001 -0.7164585644736541 1.8672672881492758
12.3 -0.5264635827316019 1.9294652357732196
12.4 -0.3312083508966188 1.9723846045577274
12.5 -0.13264379470240137 1.9955965583571613
12.600000000000001 0.06724609444227694 1.9988691710020094
12.700000000000001 0.26646408283988793 1.982169743628506
12.8 0.4630196502030779 1.9456651313948707
12.9 0.6549488782753861 1.8897200763197213
13.0 0.8403340736532818 1.8148935629003924
13.100000000000001 1.0173229287447505 1.7219332329246113
13.200000000000001 1.184147029414449 1.6117679152808995
13.3 1.3391395243932047 1.485498345407339
13.4 1.4807517799048973 1.3443861671069361
13.5 1.607568853103242 1.189841326619784
13.600000000000001 1.7183236297129936 1.023407984906295
13.700000000000001 1.8119094846169252 0.8467490889013277
13.8 1.8873913388882095 0.6616297558980939
13.9 1.9440150027899519 0.46989963707964616
14.0 1.9812147113897407 0.2734744364156672
14.100000000000001 1.9986187774958355 0.07431676958164926
14.200000000000001 1.9960533054327232 -0.12558344584816708
14.3 1.9735439285492267 -0.32422887299943653
14.4 1.9313155530985548 -0.5196347124275117
14.5 1.869790111049366 -0.70984853357741
14.600000000000001 1.7895823442810068 -0.8929697828245344
14.700000000000001 1.6914936622858667 -1.0671687731782384
14.8 1.5765041347506326 -1.2307049659094416
14.9 1.445762699023952 -1.3819443614382516
15.0 1.3005756803142337 -1.5193758257176426
15.100000000000001 1.1423937393199743 -1.6416261889853385
15.200000000000001 0.9727973777075962 -1.747473966022162
15.3 0.7934811462612241 -1.8358615608285864
15.4 0.6062367134914045 -1.9059058337743606
15.5 0.4129349638755932 -1.9569069256377685
15.600000000000001 0.2155073045988846 -1.9883552503676307
15.700000000000001 0.015926367571871134 -1.9999365866986798
15.8 -0.18381370045536327 -1.991535217746577
15.9 -0.38171716274837875 -1.9632350872127688
16.0 -0.5758066333301306 -1.9153189606467693
16.1 -0.7641428343680182 -1.8482656001462592
16.2 -0.9448439727969323 -1.7627449807244693
16.3 -1.1161045425735587 -1.659611596141298
16.400000000000002 -1.2762133646959004 -1.539895921084139
16.5 -1.423570684738246 -1.404794115005427
16.6 -1.5567041570685969 -1.255656070492772
16.7 -1.6742835560394935 -1.0939719255884712
16.8 -1.7751340671630091 -0.9213571748227251
16.900000000000002 -1.8582480254687395 -0.7395365277263396
17.0 -1.9227949837591136 -0.5503266761031939
17.1 -1.9681300101632868 -0.3556181422462313
17.2 -1.9938001320831922 -0.1573563894636803
17.3 -1.9995488621460222 0.042477616347292024
17.400000000000002 -1.9853187609412655 0.24188719985695534
17.5 -1.9512520109363152 0.4388799264229186
17.6 -1.897688995836248 0.6314875098384867
17.7 -1.825164899582369 0.8177854787977596
17.8 -1.7344043589711626 0.9959124055768309
17.900000000000002 -1.6263142233229728 1.1640885048042506
18.0 -1.5019744935433523 1.3206334164881603
18.1 -1.3626275311109999 1.4639829956178934
18.2 -1.2096656448125682 1.5927049405838463
18.3 -1.044617179253463 1.7055131042617464
18.400000000000002 -0.8691312441437871 1.80128034476954
18.5 -0.6849612369392251 1.879049787496512
18.6 -0.4939473234732418 1.9380443858780998
18.7 -0.2979980516283976 1.9776746853882918
18.8 -0.09907128175673484 1.9975447131744204
18.900000000000002 0.10084537561362954 1.9974559344870029
19.0 0.2997544193259047 1.9774092363733384
19.1 0.49566841596591965 1.9376049188144202
19.200000000000003 0.6866298576397974 1.8784406933937392
19.3 0.8707307207457864 1.800507709494609
19.400000000000002 1.0461315303153988 1.704584647730925
19.5 1.211079739439202 1.5916299396278881
19.6 1.3639272401362712 1.4627721912909935
19.700000000000003 1.5031468307043012 1.3192989067469185
19.8 1.6273474750142107 1.1626436236288713
19.900000000000002 1.7352882012833382 0.9943715897424044
20.0 1.8258905014552553 0.8161641236267839
20.1 1.8982491072957892 0.6298018153758684
20.200000000000003 1.9516410355339526 0.43714673557051836
20.3 1.9855328116718143 0.24012383008485347
20.400000000000002 1.9995858002853386 0.04070168666335886
20.5 1.9936595885575985 -0.15912713455708014
20.6 1.9678133892372323 -0.3573660100494691
20.700000000000003 1.922305449004231 -0.552034202498941
20.8 1.8575904681544808 -0.7411866516752829
20.900000000000002 1.7743150573846989 -0.9229334088318251
21.0 1.6733112770721121 -1.0954585204485368
21.1 1.5555883236021857 -1.257038172639376
21.200000000000003 1.4223224458119599 -1.406057914930777
21.3 1.2748451923004778 -1.5410287913171377
21.400000000000002 1.1146301070353168 -1.6606022174170543
21.5 0.9432780061883923 -1.7635834550826484
21.6 0.7625009833098803 -1.8489435498282434
21.700000000000003 0.5741053026554501 -1.9158296118034333
21.8 0.3799733515908755 -1.9635733375865534
21.900000000000002 0.18204483239968866 -1.9916976876515595
22.0 -0.017702618580807752 -1.9999216527892743
22.1 -0.21727319084815952 -1.9881630618585235
22.200000000000003 -0.4146728412135245 -1.9565394028130134
22.3 -0.6079292176220941 -1.905366648800537
22.400000000000002 -0.7951113662428723 -1.8351561010637196
22.5 -0.974349024921019 -1.7466092801870312
22.6 -1.1438513102191277 -1.640610916734978
22.700000000000003 -1.3019246113324991 -1.518220111316775
22.8 -1.44698951208849 -1.380659752403145
22.900000000000002 -1.5775965719508371 -1.2293042976289341
23.0 -1.6924408083503413 -1.065666040666795
23.1 -1.7903747356393636 -0.8913800008886663
23.200000000000003 -1.8704198303890804 -0.7081875867927112
23.3 -1.9317763084721409 -0.5179191964252225
23.400000000000002 -1.9738311162412987 -0.3224759286483707
23.5 -1.9961640559587925 -0.12381058798884109
23.6 -1.9985519842732553 0.07609182713954096
23.700000000000003 -1.9809710417943118 0.27523395788375865
23.8 -1.9435968914877266 0.4716260419010452
23.900000000000002 -1.8868029635091086 0.6633057944065056
24.0 -1.8111567240132476 0.848358014673994
24.1 -1.717414005219859 1.0249337220887418
24.200000000000003 -1.6065114533879052 1.191268630550423
24.3 -1.4795571701557868 1.3457007766366935
24.400000000000002 -1.3378196407560432 1.4866871253923508
24.5 -1.1827150597302487 1.6128189878245092
24.6 -1.0157931807812441 1.7228360960574056
24.700000000000003 -0.8387218321464562 1.8156391955123936
24.8 -0.6532702522094445 1.8903010282963422
24.900000000000002 -0.46129141185478445 1.9460755980560005
25.0 -0.26470350019554606 1.9824056237269472
25.1 -0.06547075866169064 1.9989281077017909
25.200000000000003 0.13441614505095695 1.9954779627822603
25.3 0.3329600070743185 1.9720896616759265
25.400000000000002 0.5281770427689457 1.9289968925562972
25.5 0.7181167080443366 1.866630224127844
25.6 0.9008811885507786 1.7856128035258194
25.700000000000003 1.0746443620129495 1.6867541300360822
25.8 1.2376700442400785 1.5710419668458135
25.900000000000002 1.388329336504489 1.4396324716402464
26.0 1.5251169009592054 1.2938386446572807
26.1 1.6466660014761632 1.1351172096230877
26.200000000000003 1.751762159621782 0.9650540586502033
26.3 1.8393552893240397 0.7853484065277516
26.400000000000002 1.908570188985396 0.5977958127289364
26.5 1.958715286207834 0.40427024077436396
26.6 1.9892895477556762 0.20670533420794174
26.700000000000003 1.9999874857140414 0.007075096269812784
26.8 1.9907022098231182 -0.19262583369152117
26.900000000000002 1.9615264954903042 -0.3904021099962515
27.0 1.912751856809006 -0.5842776174676724
27.1 1.8448656338461715 -0.7723152161218653
27.200000000000003 1.7585461233014452 -0.9526360964300367
27.3 1.6546558011907573 -1.1234385517622996
27.400000000000002 1.5342327052710556 -1.2830159804447714
27.5 1.3984800633101955 -1.4297739375593301
27.6 1.2487542708327828 -1.5622460661102286
27.700000000000003 1.0865513384644898 -1.6791087483784444
27.8 0.9134919442883856 -1.7791943310724168
27.900000000000002 0.731305240565236 -1.8615027921337701
28.0 0.5418115766157381 -1.9252117326271332
28.1 0.3469043104917842 -1.9696845938784768
28.200000000000003 0.14853089116871554 -1.9944770177589481
28.3 -0.05132659972111898 -1.9993412865644196
28.400000000000002 -0.2506712521928653 -1.9842287981289004
28.5 -0.44751128037359283 -1.9492905514413155
28.6 -0.6398799237683962 -1.8948756379135152
28.700000000000003 -0.8258550984810867 -1.8215277533742917
28.8 -1.0035786020411481 -1.7299797656403773
28.900000000000002 -1.171274679948601 -1.6211463919434612
29.0 -1.327267768425935 -1.4961150593780008
29.1 -1.4699992360975553 -1.3561350396891172
29.200000000000003 -1.5980429573192318 -1.2026049669623038
29.3 -1.7101195615541405 -1.0370588629339583
29.400000000000002 -1.805109216420374 -0.8611508095532535
29.5 -1.882062816685907 -0.6766384219421104
29.6 -1.9402114674143707 -0.48536528688584035
29.700000000000003 -1.9789741665090712 -0.28924254232343954
29.8 -1.9979636098938989 -0.0902297818890227
29.900000000000002 -1.996990061327629 0.10968452470003591
30.0 -1.9760632481857237 0.3085028997751681
30.1 -1.9353922642676105 0.5042388158532543
30.200000000000003 -1.8753834806005598 0.6949365443625265
30.3 -1.7966364851147094 0.8786906966360021
30.400000000000002 -1.6999380917586524 1.0536652619252243
30.5 -1.5862544789145703 1.2181119522127124
30.6 -1.4567215356631869 1.3703876705279738
30.700000000000003 -1.3126335123555755 1.508970928229257
30.8 -1.1554300888914635 1.6324770472151406
30.900000000000002 -0.9866819899135504 1.7396719951704218
31.0 -0.80807529064613 1.8294847156090626
31.1 -0.6213945701887444 1.9010178295165845
31.200000000000003 -0.42850508059176845 1.9535566016645236
31.3 -0.23133410987447386 1.9865760820085863
31.400000000000002 -0.031851725200196496 1.9997463508159656
31.5 0.16794891138349366 1.9929358151142498
31.6 0.366071457961176 1.966212523524906
31.700000000000003 0.5605363395380459 1.9198434863439489
31.8 0.749400527298924 1.8542920076633278
31.900000000000002 0.9307769527099172 1.7702130561895764
32.0 1.1028533624833812 1.6684467210130205
32.1 1.26391042601377 1.550009817715259
32.2 1.4123389143606688 1.4160857286840114
32.300000000000004 1.5466557791324502 1.26801257914746
32.4 1.6655189706155595 1.1072698670693097
32.5 1.7677408470916613 0.9354636804941472
32.6 1.852300041361057 0.7543106500466673
32.7 1.9183516659061608 0.5656207969258711
32.800000000000004 1.9652357547282817 0.3712794477715687
32.9 1.9924838575097272 0.17322839710381505
33.0 1.9998237202145344 -0.026553494446118958
33.1 1.9871820053607898 -0.2260700722569656
33.2 1.9546850247845173 -0.423327832634651
33.300000000000004 1.902657477573561 -0.6163558412422278
33.4 1.831619205781638 -0.8032254260242522
33.5 1.7422800003383527 -0.9820694478604809
33.6 1.6355325090528836 -1.1511009564026864
33.7 1.512443317572126 -1.3086310446919032
33.800000000000004 1.3742422924094784 -1.453085724158469
33.9 1.222310292525192 -1.5830216513955138
34.0 1.0581653722400477 -1.6971405495692105
34.1 0.8834476133384476 -1.79430218037169
34.2 0.6999027379133244 -1.8735357369053391
34.300000000000004 0.5093646656880564 -1.9340495436644054
34.4 0.31373719009682 -1.9752389666949546
34.5 0.11497495620984913 -1.9966924548974845
34.6 -0.08493606943390304 -1.9981956521094522
34.7 -0.2839984419480034 -1.9797335388812067
34.800000000000004 -0.4802231959075628 -1.9414905825453614
34.9 -0.6716497184342838 -1.883848894080188
35.0 -0.856365338992302 -1.8073844101830134
35.1 -1.032524440159854 -1.712861138701144
35.2 -1.1983668984285305 -1.6012235249179871
35.300000000000004 -1.352235670775539 -1.4735870149679753
35.4 -1.4925933512898326 -1.331226910667519
35.5 -1.618037532423813 -1.175565627120774
35.6 -1.727314817385912 -1.0081584804181698
35.7 -1.8193333436670565 -0.8306781474321138
35.800000000000004 -1.8931736925699254 -0.6448979529826043
35.9 -1.9480980757366528 -0.45267415136182726
36.0 -1.9835577068862316 -0.25592737925480935
36.1 -1.9991982851056058 -0.0566234653726213
36.2 -1.9948635349072958 0.14324621145834088
36.300000000000004 -1.9705967676824052 0.3416846194953133
36.4 -1.9266404489475217 0.5367090277601935
36.5 -1.863433775709411 0.7263708168321247
36.6 -1.7816082881537227 0.9087749488085383
36.7 -1.6819815595042031 1.0820989018975156
36.800000000000004 -1.5655490271013 1.2446108804530729
36.9 -1.433474046321315 1.3946871185047909
37.0 -1.287076266713999 1.5308281038906868
37.1 -1.127818446500525 1.6516735608870001
37.2 -0.95729183717683 1.7560160416336206
37.300000000000004 -0.7772002842546736 1.8428129905539667
37.4 -0.5893432030005152 1.9111971612256788
37.5 -0.39559759927292454 1.9604852816202163
37.6 -0.1978993151005791 1.9901848811310776
37.7 0.0017763136114351842 1.9999992111773328
37.800000000000004 0.20143419398501522 1.989830210217346
37.9 0.3990794104775748 1.959779483547287
38.0 0.5927371574187706 1.9101472880945898
38.1 0.7804724706158923 1.841429532349996
38.2 0.960409560876518 1.7543128214138362
38.300000000000004 1.1307505562740574 1.649667596664828
38.400000000000006 1.2897934658897454 1.5285394385975515
38.5 1.4359491855432882 1.3921386197277794
38.6 1.567757375596586 1.2418280119495233
38.7 1.6839010521846098 1.0791094691696315
38.800000000000004 1.7832197460828878 0.9056088212799616
38.900000000000006 1.8647210977323831 0.7230596294025383
39.0 1.9275907725681756 0.5332858647198745
39.1 1.971200597581266 0.3381836839577861
39.2 1.9951148378156103 0.1397024836142546
39.300000000000004 1.9990945500877835 -0.06017457776604917
39.400000000000006 1.9830999704282801 -0.25945039465638536
39.5 1.9472909113899561 -0.4561338689661991
39.6 1.8920251652538163 -0.6482598044351272
39.7 1.8178549290868276 -0.8339085422243407
39.800000000000004 1.7255212873713504 -1.0112251415131635
39.900000000000006 1.615946807333962 -1.1784379134545762
40.0 1.4902263209586977 -1.3338761233045238
40.1 1.3496159857877337 -1.475986683851248
40.2 1.1955207338105096 -1.6033496733492605
40.300000000000004 1.029480233847664 -1.714692522908104
40.400000000000006 0.8531535076891335 -1.8089027315800392
40.5 0.6683023536968411 -1.8850389821017661
40.6 0.4767737434977841 -1.9423405462253804
40.7 0.2804813676541432 -1.980234885663532
40.800000000000004 0.08138651469971551 -1.9983433727027577
40.900000000000006 -0.11852152540678684 -1.9964850733264319
41.0 -0.317245337609418 -1.9746785550476529
41.1 -0.512799339266036 -1.9331417013887826
41.2 -0.7032296194336326 -1.8722895348613227
41.300000000000004 -0.8866334617006544 -1.792730070198164
41.400000000000006 -1.0611783555004193 -1.6952582392713582
41.5 -1.2251203059509397 -1.5808479483956313
41.6 -1.3768212592753408 -1.450642347378383
41.7 -1.5147654696936614 -1.305942407544736
41.800000000000004 -1.6375746442536954 -1.1481939228620672
41.900000000000006 -1.7440217142785543 -0.9789730640446102
42.0 -1.8330430958312676 -0.7999706299767025
42.1 -1.9037493166939292 -0.612975153809188
42.2 -1.9554339036800419 -0.4198550325274583
42.300000000000004 -1.9875804414810931 -0.22253985854633598
42.400000000000006 -1.9998677325176075 -0.023001139860515513
42.5 -1.992173006239188 0.1767673986116111
42.6 -1.964573145807269 0.374769735668358
42.7 -1.9173439199039852 0.5690274974087106
42.800000000000004 -1.850957227342656 0.7575997244904379
42.900000000000006 -1.766076382010831 0.9386022655542302
43.0 -1.6635494852571966 1.1102266030412513
43.1 -1.5444009519432145 1.2707579233028188
43.2 -1.4098212748284962 1.4185922504514656
43.300000000000004 -1.2611551295606451 1.5522524727578542
43.400000000000006 -1.0998879391206835 1.670403101462894
43.5 -0.9276310319676547 1.7718636145399633
43.6 -0.7461055421772442 1.855620252080797
43.7 -0.5571252124391005 1.9208361454493423
43.800000000000004 -0.3625782717393756 1.9668596789965693
43.900000000000006 -0.16440856880087265 1.9932310007886314
44.0 0.035403850210827155 1.9996866172953824
44.1 0.23486252565419147 1.9861620261306312
44.2 0.4319745323764482 1.9527923605386592
44.300000000000004 0.624770392362995 1.8999110391875167
44.400000000000006 0.8113237531106847 1.828046434759903
44.5 0.9897706351052562 1.7379165946279866
44.6 1.1583280560885418 1.6304220663613886
44.7 1.3153118460277389 1.5066368997535875
44.800000000000004 1.4591534747857167 1.367797915271393
44.900000000000006 1.5884157243556465 1.2152923461536844
45.0 1.7018070490682369 1.0506439776354595
45.1 1.798194480289164 0.8754979217894141
45.2 1.8766149466671087 0.6916041801099848
45.300000000000004 1.9362848968243822 0.5008001580768434
45.400000000000006 1.9766081283432761 0.3049923064067209
45.5 1.997181744823541 0.10613707242804914
45.6 1.9978001814900421 -0.09377864809408623
45.7 1.9784572591280343 -0.29275736336356506
45.800000000000004 1.939346245823838 -0.4888109438310332
45.900000000000006 1.880857925894007 -0.6799804869271571
46.0 1.8035766952976184 -0.8643558897695566
46.1 1.7082747225450015 -1.0400949342794619
46.2 1.5959042334452618 -1.2054416940157213
46.300000000000004 1.4675879967807384 -1.3587440788114218
46.400000000000006 1.324608105972475 -1.498470341912716
46.5 1.1683931688265712 -1.6232243846860492
46.6 1.000504033357174 -1.7317597059742518
46.7 0.8226181923091342 -1.8229918567240098
46.800000000000004 0.636513022204963 -1.896009275442371
46.900000000000006 0.4440480243861509 -1.9500823962178513
47.0 0.247146245490448 -1.9846709383018575
47.1 0.047775063005477715 -1.999429304415343
47.2 -0.15207347211670713 -1.9942100338425661
47.300000000000004 -0.35040253937430826 -1.9690652758098286
47.400000000000006 -0.5452305002861612 -1.9242462684276413
47.5 -0.7346106982683827 -1.8602008284025784
47.6 -0.9166509089835317 -1.7775688766007536
47.7 -1.089532246820622 -1.6771760441700825
47.800000000000004 -1.2515273385989583 -1.5600254231067545
47.900000000000006 -1.4010175829099487 -1.4272875436915875
48.0 -1.5365093226473336 -1.2802886789383994
48.1 -1.656648769135291 -1.1204975929124192
48.2 -1.760235528737324 -0.9495108653253177
48.300000000000004 -1.8462345967927192 -0.7690369390384479
48.400000000000006 -1.9137866990409795 -0.5808790498665198
48.5 -1.962216877206194 -0.3869172092414244
48.6 -1.9910412329570308 -0.1890894197593999
48.7 -1.999971762858889 0.010627688700208577
48.800000000000004 -1.9889192360090293 0.2102386088073714
48.900000000000006 -1.9579940856022566 0.4077488942309753
49.0 -1.9075053055189437 0.6011850874872742
49.1 -1.837957362960304 0.7886144380747827
49.2 -1.7500451579788934 0.9681642138783225
49.300000000000004 -1.6446470802669744 1.1380404128893298
49.400000000000006 -1.5228162325770724 1.2965456882808917
49.5 -1.3857699084673913 1.4420963077361644
49.6 -1.2348774295069236 1.5732379775782088
49.7 -1.0716464634670297 1.6886603735916255
49.800000000000004 -0.8977079602033964 1.7872102333490196
49.900000000000006 -0.7147998557442093 1.8679028792279477
